0 0.3615384609375 0.0010449328125000002 0.2576923078125 0.0010449328125000002 0.2576923078125 0.0647857890625 0.3615384609375 0.0647857890625 0.3615384609375 0.0010449328125000002
0 0.7423076921875 0.681295715625 0.6438461531249999 0.681295715625 0.6438461531249999 0.815047021875 0.7423076921875 0.815047021875 0.7423076921875 0.681295715625
0 0.20538461562500002 0.0010449328125000002 0.0815384609375 0.0010449328125000002 0.0815384609375 0.08672936249999999 0.20538461562500002 0.08672936249999999 0.20538461562500002 0.0010449328125000002
0 0.1976923078125 0.7889237203125 0.084615384375 0.7889237203125 0.084615384375 0.9049111812499999 0.1976923078125 0.9049111812499999 0.1976923078125 0.7889237203125
0 0.045384615625 0.27586206875 0.0007692312500000001 0.27586206875 0.0007692312500000001 0.4336468125 0.045384615625 0.4336468125 0.045384615625 0.27586206875
0 0.463846153125 0.10971786875 0.36307692343750003 0.10971786875 0.36307692343750003 0.24555903906249998 0.463846153125 0.24555903906249998 0.463846153125 0.10971786875
0 0.8630769234375 0.5642633234375001 0.7584615390625 0.5642633234375001 0.7584615390625 0.7063740859375 0.8630769234375 0.7063740859375 0.8630769234375 0.5642633234375001
0 0.8023076921875001 0.40020898593750004 0.706153846875 0.40020898593750004 0.706153846875 0.5276907 0.8023076921875001 0.5276907 0.8023076921875001 0.40020898593750004
0 0.5584615390625001 0.3051201671875 0.47000000000000003 0.3051201671875 0.47000000000000003 0.4273772203125 0.5584615390625001 0.4273772203125 0.5584615390625001 0.3051201671875
0 0.24846153906250001 0.1797283171875 0.13923076875 0.1797283171875 0.13923076875 0.3301985375 0.24846153906250001 0.3301985375 0.24846153906250001 0.1797283171875
0 0.10384615312500001 0.531870428125 0.0007692312500000001 0.531870428125 0.0007692312500000001 0.6854754437499999 0.10384615312500001 0.6854754437499999 0.10384615312500001 0.531870428125
0 0.3769230765625 0.70950888125 0.2615384609375 0.70950888125 0.2615384609375 0.8672936265625 0.3769230765625 0.8672936265625 0.3769230765625 0.70950888125
0 0.325384615625 0.436781609375 0.2076923078125 0.436781609375 0.2076923078125 0.6071055375000001 0.325384615625 0.6071055375000001 0.325384615625 0.436781609375