0 0.8234375 0.0958333328125 0.7 0.0958333328125 0.7 0.2708333328125 0.8234375 0.2708333328125 0.8234375 0.0958333328125
0 0.9578125 0.6541666671875 0.85 0.6541666671875 0.85 0.7958333328125 0.9578125 0.7958333328125 0.9578125 0.6541666671875
0 0.640625 0.7833333328125 0.534375 0.7833333328125 0.534375 0.9145833328125 0.640625 0.9145833328125 0.640625 0.7833333328125
0 0.6828125 0.4583333328125 0.5703125 0.4583333328125 0.5703125 0.60625 0.6828125 0.60625 0.6828125 0.4583333328125
0 0.5765625 0.35 0.465625 0.35 0.465625 0.48541666718750004 0.5765625 0.48541666718750004 0.5765625 0.35
0 0.9421875 0.1354166671875 0.834375 0.1354166671875 0.834375 0.2708333328125 0.9421875 0.2708333328125 0.9421875 0.1354166671875
0 0.4265625 0.50625 0.30625 0.50625 0.30625 0.6625 0.4265625 0.6625 0.4265625 0.50625
0 0.8421875 0.2958333328125 0.728125 0.2958333328125 0.728125 0.44375 0.8421875 0.44375 0.8421875 0.2958333328125
0 0.7609375 0.6604166671875 0.65625 0.6604166671875 0.65625 0.7958333328125 0.7609375 0.7958333328125 0.7609375 0.6604166671875
0 0.6515625 0.1270833328125 0.5421875 0.1270833328125 0.5421875 0.2645833328125 0.6515625 0.2645833328125 0.6515625 0.1270833328125
0 0.4984375 0.63125 0.390625 0.63125 0.390625 0.7666666671875 0.4984375 0.7666666671875 0.4984375 0.63125
0 0.271875 0.2854166671875 0.1609375 0.2854166671875 0.1609375 0.4270833328125 0.271875 0.4270833328125 0.271875 0.2854166671875
0 0.2359375 0.5166666671875 0.13125 0.5166666671875 0.13125 0.6541666671875 0.2359375 0.6541666671875 0.2359375 0.5166666671875