0 0.6328125 0.3 0.503125 0.3 0.503125 0.46875 0.6328125 0.46875 0.6328125 0.3
0 0.75625 0.6666666671875 0.65 0.6666666671875 0.65 0.8 0.75625 0.8 0.75625 0.6666666671875
0 0.8125 0.375 0.6984375 0.375 0.6984375 0.5229166671875001 0.8125 0.5229166671875001 0.8125 0.375
0 0.74375 0.23958333281250002 0.6359375 0.23958333281250002 0.6359375 0.3770833328125 0.74375 0.3770833328125 0.74375 0.23958333281250002
0 0.93125 0.04375 0.828125 0.04375 0.828125 0.1770833328125 0.93125 0.1770833328125 0.93125 0.04375
0 0.4875 0.6354166671875 0.3796875 0.6354166671875 0.3796875 0.7708333328125 0.4875 0.7708333328125 0.4875 0.6354166671875
0 0.45625 0.375 0.34375 0.375 0.34375 0.5166666671875 0.45625 0.5166666671875 0.45625 0.375
0 0.78125 0.1020833328125 0.6703125 0.1020833328125 0.6703125 0.23958333281250002 0.78125 0.23958333281250002 0.78125 0.1020833328125
0 0.6109375 0.5375 0.4953125 0.5375 0.4953125 0.6854166671875 0.6109375 0.6854166671875 0.6109375 0.5375
0 0.7109375 0.49375 0.60625 0.49375 0.60625 0.6291666671875 0.7109375 0.6291666671875 0.7109375 0.49375
0 0.9078125 0.6729166671875 0.803125 0.6729166671875 0.803125 0.8041666671875 0.9078125 0.8041666671875 0.9078125 0.6729166671875
0 0.640625 0.0666666671875 0.521875 0.0666666671875 0.521875 0.2166666671875 0.640625 0.2166666671875 0.640625 0.0666666671875
0 0.3546875 0.5729166671875 0.2359375 0.5729166671875 0.2359375 0.7291666671875 0.3546875 0.7291666671875 0.3546875 0.5729166671875