0 0.55 0.3229166671875 0.421875 0.3229166671875 0.421875 0.49583333281249997 0.55 0.49583333281249997 0.55 0.3229166671875
0 0.821875 0.3229166671875 0.715625 0.3229166671875 0.715625 0.4604166671875 0.821875 0.4604166671875 0.821875 0.3229166671875
0 0.4984375 0.7916666671875 0.3921875 0.7916666671875 0.3921875 0.925 0.4984375 0.925 0.4984375 0.7916666671875
0 0.440625 0.4625 0.3328125 0.4625 0.3328125 0.6 0.440625 0.6 0.440625 0.4625
0 0.409375 0.2854166671875 0.2890625 0.2854166671875 0.2890625 0.44375 0.409375 0.44375 0.409375 0.2854166671875
0 0.5671875 0.1854166671875 0.4546875 0.1854166671875 0.4546875 0.3270833328125 0.5671875 0.3270833328125 0.5671875 0.1854166671875
0 0.371875 0.66875 0.265625 0.66875 0.265625 0.8041666671875 0.371875 0.8041666671875 0.371875 0.66875
0 0.328125 0.1375 0.221875 0.1375 0.221875 0.275 0.328125 0.275 0.328125 0.1375
0 0.840625 0.5895833328125 0.728125 0.5895833328125 0.728125 0.7354166671875 0.840625 0.7354166671875 0.840625 0.5895833328125
0 0.721875 0.4375 0.603125 0.4375 0.603125 0.5854166671875001 0.721875 0.5854166671875001 0.721875 0.4375
0 0.5515625 0.6229166671875 0.44375 0.6229166671875 0.44375 0.7583333328124999 0.5515625 0.7583333328124999 0.5515625 0.6229166671875
0 0.7515625 0.1416666671875 0.6359375 0.1416666671875 0.6359375 0.2916666671875 0.7515625 0.2916666671875 0.7515625 0.1416666671875
0 0.1453125 0.41041666718750003 0.040625 0.41041666718750003 0.040625 0.55 0.1453125 0.55 0.1453125 0.41041666718750003