0 0.678125 0.3875 0.5515625 0.3875 0.5515625 0.5583333328125 0.678125 0.5583333328125 0.678125 0.3875
0 0.9984375 0.3083333328125 0.8921875 0.3083333328125 0.8921875 0.45416666718750004 0.9984375 0.45416666718750004 0.9984375 0.3083333328125
0 0.55 0.08541666718749999 0.425 0.08541666718749999 0.425 0.24375 0.55 0.24375 0.55 0.08541666718749999
0 0.83125 0.2666666671875 0.725 0.2666666671875 0.725 0.40208333281249997 0.83125 0.40208333281249997 0.83125 0.2666666671875
0 0.48125 0.45208333281249996 0.371875 0.45208333281249996 0.371875 0.5895833328125 0.48125 0.5895833328125 0.48125 0.45208333281249996
0 0.896875 0.7083333328125 0.790625 0.7083333328125 0.790625 0.8395833328125001 0.896875 0.8395833328125001 0.896875 0.7083333328125
0 0.70625 0.0041666671875 0.5953125 0.0041666671875 0.5953125 0.1416666671875 0.70625 0.1416666671875 0.70625 0.0041666671875
0 0.815625 0.42083333281249996 0.7046875 0.42083333281249996 0.7046875 0.5604166671875 0.815625 0.5604166671875 0.815625 0.42083333281249996
0 0.3296875 0.1375 0.221875 0.1375 0.221875 0.275 0.3296875 0.275 0.3296875 0.1375
0 0.9390625 0.5583333328125 0.828125 0.5583333328125 0.828125 0.7041666671875 0.9390625 0.7041666671875 0.9390625 0.5583333328125
0 0.7453125 0.6770833328125 0.6375 0.6770833328125 0.6375 0.8125 0.7453125 0.8125 0.7453125 0.6770833328125
0 0.7515625 0.1416666671875 0.6359375 0.1416666671875 0.6359375 0.2916666671875 0.7515625 0.2916666671875 0.7515625 0.1416666671875
0 0.1453125 0.4125 0.040625 0.4125 0.040625 0.5479166671875 0.1453125 0.5479166671875 0.1453125 0.4125