0 0.7734375 0.5208333328125 0.6578125 0.5208333328125 0.6578125 0.66875 0.7734375 0.66875 0.7734375 0.5208333328125
0 0.553125 0.5 0.44375 0.5 0.44375 0.6375 0.553125 0.6375 0.553125 0.5
0 0.5765625 0.3479166671875 0.4671875 0.3479166671875 0.4671875 0.4875 0.5765625 0.4875 0.5765625 0.3479166671875
0 0.6390625 0.7833333328125 0.534375 0.7833333328125 0.534375 0.9145833328125 0.6390625 0.9145833328125 0.6390625 0.7833333328125
0 0.7984375 0.3770833328125 0.6953125 0.3770833328125 0.6953125 0.5145833328125 0.7984375 0.5145833328125 0.7984375 0.3770833328125
0 0.43125 0.49375 0.325 0.49375 0.325 0.63125 0.43125 0.63125 0.43125 0.49375
0 0.6390625 0.0875 0.53125 0.0875 0.53125 0.2270833328125 0.6390625 0.2270833328125 0.6390625 0.0875
0 0.4109375 0.075 0.303125 0.075 0.303125 0.2125 0.4109375 0.2125 0.4109375 0.075
0 0.7484375 0.2104166671875 0.61875 0.2104166671875 0.61875 0.3791666671875 0.7484375 0.3791666671875 0.7484375 0.2104166671875
0 0.2359375 0.5145833328125 0.13125 0.5145833328125 0.13125 0.6541666671875 0.2359375 0.6541666671875 0.2359375 0.5145833328125
0 0.5671875 0.6833333328125 0.453125 0.6833333328125 0.453125 0.8291666671875 0.5671875 0.8291666671875 0.5671875 0.6833333328125
0 0.425 0.6958333328124999 0.3109375 0.6958333328124999 0.3109375 0.84375 0.425 0.84375 0.425 0.6958333328124999
0 0.44375 0.2604166671875 0.3234375 0.2604166671875 0.3234375 0.42083333281249996 0.44375 0.42083333281249996 0.44375 0.2604166671875