0 0.9734375 0.0333333328125 0.871875 0.0333333328125 0.871875 0.16458333281249998 0.9734375 0.16458333281249998 0.9734375 0.0333333328125
0 0.5296875 0.45625 0.4125 0.45625 0.4125 0.6083333328125 0.5296875 0.6083333328125 0.5296875 0.45625
0 0.584375 0.22291666718749997 0.4671875 0.22291666718749997 0.4671875 0.3770833328125 0.584375 0.3770833328125 0.584375 0.22291666718749997
0 0.975 0.3 0.8640625 0.3 0.8640625 0.44375 0.975 0.44375 0.975 0.3
0 0.9140625 0.70625 0.809375 0.70625 0.809375 0.8354166671875 0.9140625 0.8354166671875 0.9140625 0.70625
0 0.56875 0.64375 0.453125 0.64375 0.453125 0.7916666671875 0.56875 0.7916666671875 0.56875 0.64375
0 0.7390625 0.40208333281249997 0.628125 0.40208333281249997 0.628125 0.5395833328124999 0.7390625 0.5395833328124999 0.7390625 0.40208333281249997
0 0.4421875 0.30625 0.328125 0.30625 0.328125 0.4479166671875 0.4421875 0.4479166671875 0.4421875 0.30625
0 0.753125 0.0270833328125 0.625 0.0270833328125 0.625 0.2 0.753125 0.2 0.753125 0.0270833328125
0 0.7484375 0.76875 0.64375 0.76875 0.64375 0.9 0.7484375 0.9 0.7484375 0.76875
0 0.9296875 0.5104166671875 0.828125 0.5104166671875 0.828125 0.64375 0.9296875 0.64375 0.9296875 0.5104166671875
0 0.73125 0.6083333328125 0.6296875 0.6083333328125 0.6296875 0.7416666671875001 0.73125 0.7416666671875001 0.73125 0.6083333328125
0 0.753125 0.22291666718749997 0.64375 0.22291666718749997 0.64375 0.3625 0.753125 0.3625 0.753125 0.22291666718749997
0 0.39375 0.61875 0.2734375 0.61875 0.2734375 0.7729166671875001 0.39375 0.7729166671875001 0.39375 0.61875