0 0.466796875 0.1770833328125 0.333984375 0.1770833328125 0.333984375 0.3645833328125 0.466796875 0.3645833328125 0.466796875 0.1770833328125
0 0.45703125 0.5243055562500001 0.328125 0.5243055562500001 0.328125 0.777777778125 0.45703125 0.777777778125 0.45703125 0.5243055562500001
0 0.447265625 0.034722221875 0.302734375 0.034722221875 0.302734375 0.222222221875 0.447265625 0.222222221875 0.447265625 0.034722221875
0 0.62890625 0.19444444375 0.482421875 0.19444444375 0.482421875 0.4270833328125 0.62890625 0.4270833328125 0.62890625 0.19444444375
0 0.759765625 0.34722222187499996 0.60546875 0.34722222187499996 0.60546875 0.597222221875 0.759765625 0.597222221875 0.759765625 0.34722222187499996
0 0.529296875 0.4895833328125 0.39453125 0.4895833328125 0.39453125 0.7256944437499999 0.529296875 0.7256944437499999 0.529296875 0.4895833328125
0 0.791015625 0.8298611109375 0.626953125 0.8298611109375 0.626953125 0.996527778125 0.791015625 0.996527778125 0.791015625 0.8298611109375
0 0.833984375 0.20833333281250002 0.6953125 0.20833333281250002 0.6953125 0.4201388890625 0.833984375 0.4201388890625 0.833984375 0.20833333281250002
0 0.35546875 0.3263888890625 0.21875 0.3263888890625 0.21875 0.559027778125 0.35546875 0.559027778125 0.35546875 0.3263888890625
0 0.625 0.4479166671875 0.4921875 0.4479166671875 0.4921875 0.7118055562500001 0.625 0.7118055562500001 0.625 0.4479166671875
0 0.44140625 0.34375 0.326171875 0.34375 0.326171875 0.565972221875 0.44140625 0.565972221875 0.44140625 0.34375
0 0.810546875 0.46527777812500004 0.62109375 0.46527777812500004 0.62109375 0.746527778125 0.810546875 0.746527778125 0.810546875 0.46527777812500004