0 0.216796875 0.010416667187500001 0.068359375 0.010416667187500001 0.068359375 0.23611111093749998 0.216796875 0.23611111093749998 0.216796875 0.010416667187500001
0 0.361328125 0.0034722218749999997 0.20703125 0.0034722218749999997 0.20703125 0.13194444375 0.361328125 0.13194444375 0.361328125 0.0034722218749999997
0 0.52734375 0.3333333328125 0.35546875 0.3333333328125 0.35546875 0.621527778125 0.52734375 0.621527778125 0.52734375 0.3333333328125
0 0.693359375 0.3263888890625 0.525390625 0.3263888890625 0.525390625 0.597222221875 0.693359375 0.597222221875 0.693359375 0.3263888890625
0 0.34375 0.19444444375 0.16796875 0.19444444375 0.16796875 0.4791666671875 0.34375 0.4791666671875 0.34375 0.19444444375
0 0.888671875 0.753472221875 0.67578125 0.753472221875 0.67578125 0.996527778125 0.888671875 0.996527778125 0.888671875 0.753472221875
0 0.517578125 0.1076388890625 0.375 0.1076388890625 0.375 0.34375 0.517578125 0.34375 0.517578125 0.1076388890625
0 0.734375 0.4895833328125 0.572265625 0.4895833328125 0.572265625 0.7708333328125 0.734375 0.7708333328125 0.734375 0.4895833328125
0 0.6875 0.7430555562500001 0.505859375 0.7430555562500001 0.505859375 0.996527778125 0.6875 0.996527778125 0.6875 0.7430555562500001
0 0.7890625 0.0034722218749999997 0.634765625 0.0034722218749999997 0.634765625 0.21180555625 0.7890625 0.21180555625 0.7890625 0.0034722218749999997
0 0.5859375 0.0451388890625 0.443359375 0.0451388890625 0.443359375 0.27777777812500004 0.5859375 0.27777777812500004 0.5859375 0.0451388890625
0 0.865234375 0.37847222187499996 0.693359375 0.37847222187499996 0.693359375 0.6770833328125 0.865234375 0.6770833328125 0.865234375 0.37847222187499996