0 0.5729166671875 0.0859375 0.3880208328125 0.0859375 0.3880208328125 0.23046875 0.5729166671875 0.23046875 0.5729166671875 0.0859375
0 0.5364583328125 0.7734375 0.3697916671875 0.7734375 0.3697916671875 0.896484375 0.5364583328125 0.896484375 0.5364583328125 0.7734375
0 0.7864583328125 0.55078125 0.6276041671875 0.55078125 0.6276041671875 0.671875 0.7864583328125 0.671875 0.7864583328125 0.55078125
0 0.7161458328125 0.462890625 0.5416666671875 0.462890625 0.5416666671875 0.5859375 0.7161458328125 0.5859375 0.7161458328125 0.462890625
0 0.7890625 0.28515625 0.6354166671875 0.28515625 0.6354166671875 0.40625 0.7890625 0.40625 0.7890625 0.28515625
0 0.4973958328125 0.595703125 0.3333333328125 0.595703125 0.3333333328125 0.720703125 0.4973958328125 0.720703125 0.4973958328125 0.595703125
0 0.3125 0.21484375 0.140625 0.21484375 0.140625 0.345703125 0.3125 0.345703125 0.3125 0.21484375
0 0.6432291671875 0.291015625 0.4296875 0.291015625 0.4296875 0.443359375 0.6432291671875 0.443359375 0.6432291671875 0.291015625
0 0.6432291671875 0.66015625 0.4661458328125 0.66015625 0.4661458328125 0.796875 0.6432291671875 0.796875 0.6432291671875 0.66015625
0 0.8541666671874999 0.6328125 0.7005208328125 0.6328125 0.7005208328125 0.75390625 0.8541666671874999 0.75390625 0.8541666671874999 0.6328125
0 0.6640625 0.548828125 0.515625 0.548828125 0.515625 0.669921875 0.6640625 0.669921875 0.6640625 0.548828125